Jmol Model Kit
__Jmol-14_08221916043D 1   1.00000     0.00000     0
Jmol version 14.29.50  2019-08-01 14:38 EXTRACT: ({0:13 17:26})
 24 25  0  0  0  0            999 V2000
   -0.5475    0.1754    0.0728 N   0  0  0  0  0  0
    0.8716    0.0467   -0.0882 C   0  0  0  0  0  0
    1.5917   -0.8929    0.7826 C   0  0  0  0  0  0
    0.9548   -1.6055    1.6904 C   0  0  0  0  0  0
    1.8748   -2.4317    2.4027 N   0  0  0  0  0  0
   -0.4522   -1.5260    1.8879 N   0  0  0  0  0  0
   -1.2073   -0.6235    1.0692 C   0  0  0  0  0  0
    2.9732   -1.2172    0.8431 N   0  0  0  0  0  0
    1.4845    0.6970   -0.9217 O   0  0  0  0  0  0
   -2.4187   -0.5331    1.2218 O   0  0  0  0  0  0
    3.0389   -2.1831    1.8902 C   0  0  0  0  0  0
   -1.3265    1.0917   -0.7434 C   0  0  0  0  0  0
   -1.1162   -2.3357    2.8894 C   0  0  0  0  0  0
    4.0700   -0.7057    0.0334 C   0  0  0  0  0  0
   -1.8339    1.8345   -0.0917 H   0  0  0  0  0  0
   -2.0917    0.5260   -1.3160 H   0  0  0  0  0  0
   -0.6946    1.6463   -1.4681 H   0  0  0  0  0  0
   -1.8922   -2.9817    2.4266 H   0  0  0  0  0  0
   -0.4108   -2.9423    3.4950 H   0  0  0  0  0  0
    3.8828   -0.9404   -1.0352 H   0  0  0  0  0  0
    5.0273   -1.1754    0.3429 H   0  0  0  0  0  0
    4.1479    0.3937    0.1617 H   0  0  0  0  0  0
    3.9486   -2.6633    2.2252 H   0  0  0  0  0  0
   -1.8123   -1.6617    3.1366 H   0  0  0  0  0  0
  1  2  1  0  0  0
  3  2  1  0  0  0
  4  3  2  0  0  0
  5  4  1  0  0  0
  6  4  1  0  0  0
  7  6  1  0  0  0
  7  1  1  0  0  0
  8  3  1  0  0  0
  9  2  2  0  0  0
 10  7  2  0  0  0
 11  8  1  0  0  0
  5 11  2  0  0  0
 12  1  1  0  0  0
 13  6  1  0  0  0
 14  8  1  0  0  0
 15 12  1  0  0  0
 16 12  1  0  0  0
 17 12  1  0  0  0
 18 13  1  0  0  0
 19 13  1  0  0  0
 20 14  1  0  0  0
 21 14  1  0  0  0
 22 14  1  0  0  0
 23 11  1  0  0  0
 24 13  1  0  0  0
M  END
 